full_fov_speckle_info:
distance = 700mm
length_per_pixel = 1mm
center = [800,1000]

structure_info:
ldmp_direction = left
baseline=25mm

sensor_info：
pixelsize = 0.003mm
width = 1328
height = 1120

intrinsic:
fx = 1086.9781
fy = 1086.8387
cx = 663.1660
cy = 555.7498
k1 = 0.00144923
k2 = -0.01658492
k3 = 0.01515245
p1 = -0.00038889
p2 = -0.00062310

